466
1 3995 1609 4 2 5 60 427 
2 3959 924 4 1 3 58 198 
3 4364 903 4 2 4 7 199 
4 4381 1243 3 3 5 223 
5 4393 1580 5 1 4 8 41 433 
6 5157 1195 4 189 215 218 223 
7 4883 881 4 3 211 213 223 
8 4408 1969 3 5 9 435 
9 4413 2213 3 8 10 79 
10 4427 2452 4 9 11 15 74 
11 4433 2710 4 10 12 422 459 
12 4177 2716 3 11 421 463 
13 4050 2220 5 67 75 77 79 444 
14 4048 1980 3 436 437 444 
15 4649 2446 3 10 16 459 
16 5226 2427 3 15 17 19 
17 5473 2402 4 16 224 225 231 
18 5501 3089 3 19 229 231 
19 5258 3092 4 16 18 26 28 
20 4678 3124 4 21 25 30 460 
21 4449 3140 4 20 23 128 462 
22 4676 3538 3 23 24 32 
23 4478 3553 3 21 22 80 
24 4777 3532 3 22 33 34 
25 4762 3122 3 20 26 31 
26 5159 3109 2 19 25 
27 5172 3521 2 29 34 
28 5258 3232 2 19 29 
29 5277 3516 3 27 28 232 
30 4670 3245 3 20 31 32 
31 4762 3244 3 25 30 33 
32 4671 3328 3 22 30 33 
33 4767 3322 3 24 31 32 
34 5073 3532 3 24 27 35 
35 5100 3914 3 34 92 93 
36 4627 154 2 37 46 
37 4321 160 3 36 38 208 
38 4044 169 3 37 39 207 
39 3769 177 3 38 40 206 
40 3491 186 3 39 51 55 
41 5364 1522 4 5 42 222 224 
42 5702 1507 2 41 43 
43 5733 1400 2 42 44 
44 5698 1324 3 43 216 222 
45 4885 417 2 46 95 
46 4512 439 5 36 45 94 205 208 
47 3917 478 4 194 204 206 207 
48 4194 460 4 204 205 207 208 
49 3676 485 3 50 194 206 
50 3581 489 4 49 51 53 203 
51 3447 271 3 40 50 52 
52 3341 457 3 51 53 54 
53 3384 505 3 50 52 56 
54 3274 421 3 52 55 135 
55 3401 166 2 40 54 
56 3237 687 3 53 129 203 
57 3358 982 5 131 192 193 196 203 
58 3796 951 2 2 59 
59 3579 1183 3 58 60 61 
60 3560 1429 4 1 59 61 402 
61 3353 1427 4 59 60 134 401 
62 3569 1695 5 63 402 405 426 431 
63 3597 1972 4 62 64 410 441 
64 3601 2110 4 63 65 66 139 
65 3606 2330 4 64 69 73 140 
66 3720 2112 3 64 67 444 
67 3867 2240 3 13 66 71 
68 3870 2479 4 71 72 77 420 
69 3719 2340 2 65 70 
70 3769 2396 2 69 71 
71 3861 2397 3 67 68 70 
72 3747 2534 2 68 73 
73 3622 2592 4 65 72 126 141 
74 4161 2468 4 10 76 77 463 
75 4053 2368 2 13 76 
76 4160 2365 3 74 75 78 
77 4053 2471 3 13 68 74 
78 4251 2346 2 76 79 
79 4259 2214 3 9 13 78 
80 4481 3630 4 23 81 82 466 
81 4098 4001 4 80 82 84 88 
82 4065 3638 3 80 81 85 
83 4505 4001 3 88 89 466 
84 3726 4013 4 81 86 184 185 
85 3693 3648 3 82 126 185 
86 3763 4498 4 84 87 96 187 
87 4350 4484 4 86 88 89 244 
88 4340 4009 3 81 83 87 
89 4528 4474 3 83 87 90 
90 4822 4470 4 89 91 92 98 
91 5234 4465 4 90 93 103 241 
92 4797 3930 3 35 90 466 
93 5214 3917 3 35 91 240 
94 4629 566 4 46 95 200 209 
95 4980 525 3 45 94 210 
96 3787 5013 4 86 243 260 450 
97 3861 5522 3 124 243 445 
98 4827 4578 2 90 99 
99 4891 4651 2 98 100 
100 4963 4684 3 99 101 104 
101 5107 4680 3 100 102 105 
102 5175 4634 2 101 103 
103 5216 4559 2 91 102 
104 4965 4877 4 100 105 106 244 
105 5108 4880 4 101 104 107 252 
106 4975 5187 4 104 107 108 245 
107 5116 5179 4 105 106 109 119 
108 4979 5358 3 106 110 268 
109 5132 5350 3 107 111 113 
110 5013 5727 3 108 258 267 
111 5140 5710 3 109 112 258 
112 5531 5702 3 111 113 114 
113 5524 5347 4 109 112 116 119 
114 5779 5710 2 112 115 
115 5833 5654 2 114 116 
116 5816 5331 3 113 115 120 
117 5794 5121 3 118 120 248 
118 5517 5129 3 117 119 253 
119 5517 5173 3 107 113 118 
120 5806 5169 3 116 117 121 
121 6218 5162 2 120 239 
122 4536 5805 3 123 254 267 
123 4549 6183 3 122 255 256 
124 3889 5807 3 97 125 254 
125 3921 6201 3 124 255 446 
126 3650 3163 4 73 85 127 419 
127 3904 3156 3 126 128 461 
128 4209 3141 3 21 127 465 
129 3037 923 3 56 130 131 
130 2937 1030 4 129 131 132 135 
131 3204 976 3 57 129 130 
132 2935 1151 3 130 190 192 
133 2962 1443 2 134 190 
134 3024 1447 3 61 133 400 
135 2810 1041 4 54 130 136 399 
136 2737 1049 3 135 348 359 
137 2961 2016 3 144 364 366 
138 3046 1978 4 139 396 408 410 
139 3157 2141 3 64 138 140 
140 3280 2346 3 65 139 418 
141 3379 2604 4 73 142 286 418 
142 3288 2600 4 141 143 145 155 
143 3285 2521 2 142 144 
144 3017 2089 3 137 143 149 
145 3057 2612 3 142 146 148 
146 2850 2628 3 145 147 292 
147 2853 2461 4 146 148 150 153 
148 3045 2444 3 145 147 149 
149 3023 2208 3 144 148 150 
150 2826 2217 3 147 149 151 
151 2613 2241 3 150 153 381 
152 2605 2040 3 370 381 388 
153 2635 2466 4 147 151 154 389 
154 2639 2640 3 153 292 293 
155 3353 3024 2 142 287 
156 3246 3302 2 157 287 
157 3133 3310 3 156 159 288 
158 3134 3399 2 160 177 
159 2859 3320 4 157 160 161 294 
160 2859 3406 4 158 159 162 163 
161 2618 3336 4 159 162 295 305 
162 2623 3417 4 160 161 164 306 
163 2857 3608 3 160 164 171 
164 2657 3620 4 162 163 165 172 
165 2697 4106 3 164 173 270 
166 2900 4078 4 167 171 270 271 
167 3298 4032 4 166 182 184 272 
168 3178 3652 2 169 180 
169 3073 3589 2 168 170 
170 2981 3669 2 169 171 
171 2873 3697 3 163 166 170 
172 2533 3626 3 164 173 393 
173 2565 4096 4 165 172 282 283 
174 3433 2943 2 285 286 
175 3355 3300 2 176 285 
176 3350 3392 3 175 178 419 
177 3270 3405 3 158 178 180 
178 3303 3401 3 176 177 179 
179 3387 3594 3 178 180 181 
180 3277 3617 4 168 177 179 182 
181 3464 3770 3 179 182 183 
182 3283 3773 3 167 180 181 
183 3485 3892 3 181 184 185 
184 3466 4028 3 84 167 183 
185 3710 3880 3 84 85 183 
186 3268 4254 3 187 271 272 
187 3157 4475 3 86 186 188 
188 2755 4516 4 187 274 339 450 
189 5538 1156 3 6 216 219 
190 2943 1279 3 132 133 191 
191 3311 1253 2 190 193 
192 3252 1118 2 57 132 
193 3472 1108 3 57 191 197 
194 3768 488 3 47 49 195 
195 3818 598 3 194 196 198 
196 3670 636 2 57 195 
197 3744 785 2 193 198 
198 3944 760 5 2 195 197 199 201 
199 4353 742 4 3 198 200 202 
200 4350 610 4 94 199 201 205 
201 4029 608 3 198 200 204 
202 4761 726 4 199 209 211 220 
203 3310 798 3 50 56 57 
204 4095 467 3 47 48 201 
205 4342 458 3 46 48 200 
206 3772 283 3 39 47 49 
207 4042 265 3 38 47 48 
208 4322 253 3 37 46 48 
209 4706 663 3 94 202 210 
210 5080 633 3 95 209 220 
211 4842 812 3 7 202 212 
212 5214 777 3 211 214 220 
213 4935 927 3 7 214 217 
214 5286 873 3 212 213 221 
215 5219 1279 3 6 216 222 
216 5608 1234 3 44 189 215 
217 4998 1004 3 213 218 221 
218 5076 1105 3 6 217 219 
219 5446 1067 3 189 218 221 
220 5115 674 3 202 210 212 
221 5353 946 3 214 217 219 
222 5296 1369 3 41 44 215 
223 4859 1217 3 4 6 7 
224 5446 2086 2 17 41 
225 5830 2397 3 17 226 227 
226 6140 2395 2 225 228 
227 5846 2763 4 225 228 229 231 
228 6163 2748 3 226 227 230 
229 5847 3065 3 18 227 235 
230 6180 3050 3 228 235 236 
231 5486 2773 3 17 18 227 
232 5509 3520 4 29 233 237 240 
233 5513 3439 2 232 234 
234 5948 3387 3 233 235 237 
235 5927 3060 3 229 230 234 
236 6184 3546 3 230 237 238 
237 5946 3546 3 232 234 236 
238 6199 3936 2 236 240 
239 6219 4691 2 121 250 
240 5518 3945 4 93 232 238 242 
241 5528 4439 2 91 242 
242 5533 4378 3 240 241 249 
243 3818 5200 3 96 97 259 
244 4354 4877 3 87 104 246 
245 4367 5201 3 106 246 259 
246 4354 4977 3 244 245 260 
247 5504 4873 3 248 252 253 
248 5789 4791 3 117 247 250 
249 5770 4368 2 242 250 
250 5789 4709 3 239 248 249 
251 5371 4996 2 252 253 
252 5359 4879 3 105 247 251 
253 5510 4987 3 118 247 251 
254 4250 5805 4 122 124 255 261 
255 4258 6191 3 123 125 254 
256 4893 6143 2 123 257 
257 5078 6019 2 256 258 
258 5076 5764 3 110 111 257 
259 4242 5208 4 243 245 260 261 
260 4230 4986 3 96 246 259 
261 4254 5518 3 254 259 266 
262 4795 5461 3 266 267 269 
263 4763 5198 1 268 
264 4653 5201 1 265 
265 4671 5423 2 264 269 
266 4673 5503 2 261 262 
267 4820 5764 3 110 122 262 
268 4776 5367 3 108 263 269 
269 4772 5424 3 262 265 268 
270 2754 4121 3 165 166 274 
271 2953 4249 3 166 186 273 
272 3310 4085 2 167 186 
273 2870 4282 2 271 274 
274 2756 4297 3 188 270 273 
275 2219 4787 2 276 339 
276 2040 4814 4 275 278 333 451 
277 1954 4032 3 278 279 345 
278 2010 4404 3 276 277 280 
279 2074 4016 4 277 284 394 395 
280 2111 4375 3 278 281 284 
281 2398 4341 2 280 283 
282 2390 4012 3 173 283 395 
283 2390 4161 4 173 281 282 284 
284 2083 4261 3 279 280 283 
285 3416 3138 2 174 175 
286 3393 2775 2 141 174 
287 3321 3178 2 155 156 
288 3122 3040 2 157 289 
289 2990 3021 2 288 290 
290 2974 2868 2 289 291 
291 2758 2865 2 290 292 
292 2726 2651 3 146 154 291 
293 2322 2665 4 154 296 297 387 
294 2854 3275 2 159 295 
295 2614 3286 3 161 294 296 
296 2350 3286 4 293 295 303 305 
297 1980 2699 4 293 300 380 390 
298 1663 2710 3 299 378 380 
299 1686 2866 3 298 300 311 
300 1988 2854 3 297 299 302 
301 1712 3196 3 302 307 311 
302 2022 3187 3 300 301 303 
303 2026 3314 3 296 302 304 
304 2006 3392 4 303 305 306 307 
305 2327 3336 3 161 296 304 
306 2003 3475 3 162 304 340 
307 1738 3445 3 301 304 308 
308 1432 3470 4 307 309 312 314 
309 1430 3542 3 308 310 315 
310 1724 3534 2 309 340 
311 1696 3002 3 299 301 312 
312 1398 3025 3 308 311 313 
313 1106 3080 3 312 314 316 
314 1132 3536 4 308 313 315 317 
315 1140 3587 4 309 314 322 329 
316 1071 2739 3 313 321 378 
317 898 3566 3 314 318 323 
318 822 3555 2 317 319 
319 787 3142 2 318 320 
320 702 3078 2 319 321 
321 686 2762 2 316 320 
322 938 3623 2 315 324 
323 798 3699 2 317 326 
324 870 3706 2 322 325 
325 866 3997 2 324 328 
326 794 3998 2 323 327 
327 753 4189 4 326 328 336 338 
328 830 4187 4 325 327 330 334 
329 1195 3701 3 315 341 346 
330 1129 4105 3 328 331 342 
331 1078 4416 2 330 332 
332 1198 4661 2 331 333 
333 1210 4839 4 276 332 334 457 
334 885 4853 3 328 333 335 
335 761 4853 3 334 336 337 
336 803 4774 2 327 335 
337 421 4850 2 335 338 
338 394 4221 2 327 337 
339 2538 4613 2 188 275 
340 1890 3504 3 306 310 347 
341 1194 3892 3 329 342 343 
342 1199 3946 2 330 341 
343 1455 3817 2 341 344 
344 1745 3854 3 343 345 346 
345 1937 3855 4 277 344 347 392 
346 1726 3671 3 329 344 347 
347 1909 3615 4 340 345 346 393 
348 2608 1071 3 136 352 367 
349 2607 1268 4 350 352 353 359 
350 2275 1308 3 349 351 354 
351 2254 1179 3 350 352 367 
352 2602 1155 3 348 349 351 
353 2610 1396 3 349 354 361 
354 2278 1452 3 350 353 355 
355 2287 1603 3 354 357 371 
356 2605 1711 3 357 368 369 
357 2298 1754 3 355 356 358 
358 2322 2004 3 357 372 388 
359 2734 1246 3 136 349 360 
360 2738 1470 3 359 361 362 
361 2614 1462 3 353 360 371 
362 2747 1644 3 360 363 369 
363 2746 1752 3 362 364 368 
364 2794 1876 3 137 363 365 
365 2724 1896 3 364 366 370 
366 2742 2036 3 137 152 365 
367 2216 1113 2 348 351 
368 2613 1769 3 356 363 370 
369 2607 1646 3 356 362 371 
370 2610 1891 3 152 365 368 
371 2607 1551 3 355 361 369 
372 1773 2073 3 358 373 374 
373 1785 2393 2 372 391 
374 1460 2083 2 372 375 
375 1517 2442 3 374 376 391 
376 1502 2583 2 375 377 
377 1222 2610 2 376 378 
378 1219 2722 3 298 316 377 
379 1717 2612 3 380 390 391 
380 1718 2695 3 297 298 379 
381 2606 2132 3 151 152 382 
382 2438 2131 3 381 383 388 
383 2291 2174 3 382 384 389 
384 1974 2193 2 383 385 
385 1952 2444 2 384 386 
386 1959 2521 3 385 387 390 
387 2319 2507 3 293 386 389 
388 2429 2017 3 152 358 382 
389 2318 2433 3 153 383 387 
390 1959 2586 3 297 379 386 
391 1699 2420 3 373 375 379 
392 2144 3851 3 345 393 394 
393 2130 3653 3 172 347 392 
394 2170 3983 3 279 392 395 
395 2273 4004 3 279 282 394 
396 2878 1846 3 138 397 408 
397 2836 1779 2 396 398 
398 2819 1619 3 397 399 416 
399 2818 1511 3 135 398 400 
400 3027 1498 4 134 399 401 416 
401 3319 1491 4 61 400 402 403 
402 3559 1479 3 60 62 401 
403 3323 1606 3 401 404 417 
404 3367 1623 2 403 405 
405 3380 1712 4 62 404 406 414 
406 3183 1722 3 405 407 417 
407 3083 1713 4 406 408 415 417 
408 3070 1848 4 138 396 407 411 
409 3300 1846 3 410 411 413 
410 3310 1949 3 63 138 409 
411 3184 1847 3 408 409 412 
412 3193 1794 2 411 413 
413 3302 1797 3 409 412 414 
414 3373 1780 2 405 413 
415 3067 1645 2 407 416 
416 3022 1601 4 398 400 415 417 
417 3192 1613 4 403 406 407 416 
418 3348 2486 2 140 141 
419 3494 3189 2 126 176 
420 3894 2859 3 68 421 461 
421 4188 2862 4 12 420 422 465 
422 4437 2869 4 11 421 460 462 
423 3998 1757 4 425 427 437 442 
424 4318 1772 3 433 434 443 
425 3884 1794 2 423 426 
426 3759 1736 3 62 425 439 
427 3996 1668 4 1 423 432 438 
428 3794 1649 2 429 438 
429 3667 1597 2 428 430 
430 3616 1634 2 429 431 
431 3604 1705 2 62 430 
432 4190 1657 2 427 433 
433 4340 1669 3 5 424 432 
434 4374 1912 2 424 435 
435 4373 1964 3 8 434 436 
436 4198 1966 2 14 435 
437 3996 1967 3 14 423 441 
438 3898 1688 2 427 428 
439 3682 1818 2 426 440 
440 3725 1891 2 439 441 
441 3726 1970 3 63 437 440 
442 4094 1784 2 423 443 
443 4195 1748 2 424 442 
444 4046 2081 3 13 14 66 
445 3456 5530 2 97 448 
446 3602 6228 2 125 447 
447 2719 6385 3 446 448 456 
448 2639 5678 4 445 447 454 455 
449 2690 4946 3 450 452 455 
450 2731 4937 3 96 188 449 
451 2062 4905 3 276 452 458 
452 2484 4892 2 449 451 
453 2095 5745 3 454 456 458 
454 2502 5718 2 448 453 
455 2628 5427 2 448 449 
456 2133 6449 2 447 453 
457 1254 5310 2 333 458 
458 2070 5274 3 451 453 457 
459 4660 2732 3 11 15 460 
460 4666 2839 3 20 422 459 
461 3903 2998 3 127 420 465 
462 4451 2978 3 21 422 465 
463 4170 2582 3 12 74 464 
464 4430 2571 1 463 
465 4194 2979 4 128 421 461 462 
466 4508 3939 3 80 83 92 
